[644.8252087856648, 613.6292680238739, 519.6587724439062, 600.2396706111616, 664.4497798164568, 9.316204114223625]
[617.6955985266635, 164.6131917091026, 254.1062172846209, 616.030444167296, 145.08895779988396, 106.15911679172707]
[295.872694087422, 769.1103672226161, 612.0235792732334, 191.63103102155367, 726.1381221193408, 557.8667219079471, 463.497471122426, 550.7781571011941]
[626.6167627115616, 130.11898289980473, 556.4436831125548, 696.2456987464229, 269.0989815004321, 701.66076778144]
[518.1734550376841, 854.4711956012628, 7.38845086388995, 131.53281684636553, 774.9477765440471, 287.67364403021503]
[311.9449260390764, 536.6571383956721, 514.6194882416845, 475.03878152919066, 147.65966465150248, 740.7529929832695]
[288.01863699345773, 394.51585198149684, 634.2508768949582, 18.36494157401114, 813.781433544687, 450.5752714026503, 523.8778590421327, 443.2289559359388]
[510.87452998502215, 335.7336819274571, 674.7122965060593, 209.09960408666407, 149.15356770361922, 879.5360398078928]
[855.5411619144094, 932.2064652824431, 219.96472522763443, 786.1342159771049, 480.3987962337973, 932.1176562751474, 461.260750971638, 746.6811044381751]
[166.17370856153312, 75.1848574545354, 577.7751280236924, 28.84155388996412, 302.98340318100225, 46.698086366623095]
[502.504084271981, 122.11426920671798, 381.9556637823581, 579.2497919065867, 995.2958599066504, 906.7335510028656]
[440.6017781528592, 826.0129726262795, 612.9193878475141, 349.28783785396047, 246.5014641895712, 392.9916703803548, 499.4213473711486, 523.342567345435, 339.14333790783115, 310.4658664214669]
[431.6235237718529, 895.8046016051626, 640.3387935747774, 678.0559415440514, 383.65829935736895, 983.8754304507077]
[738.0641244937581, 517.6890856605308, 547.0513744431464, 49.48444842733857, 44.637617742122714, 494.17814673941194]
[346.36184836827323, 46.68391890013124, 713.1875828884259, 188.95739658526068, 434.81381694700815, 889.1069392363748, 416.1713189718411, 548.8260664288346]
[175.3979213267024, 532.0929510572377, 720.169343858615, 297.19397172031404, 367.8759002314425, 374.291505069485]
[411.11933280469225, 136.2015784312258, 293.5959027740066, 168.67833886614181, 617.8019088079036, 188.84985055782644]
[472.2254914781258, 681.3038982638755, 791.8849606284085, 362.3336109372296, 115.24967823613707, 344.2088937446944]
[366.3848652985492, 846.8543614396173, 484.6771944967626, 728.6803966760584, 576.3540263538151, 205.83809925609188]
[346.35490600579845, 652.7772024356196, 541.648129421903, 562.3145952879564, 636.9139319628978, 928.7676089135338, 746.788066888653, 247.28089697608291]
[581.5307178373591, 673.6389833314876, 431.6732679305052, 935.7691864511362, 237.5987483794545, 940.9806719313793]
[329.4760778270415, 966.131597535283, 725.1645964012482, 869.2813784848805, 563.3211203574042, 694.4282300216369]
[681.7792797809532, 222.9280989962561, 552.2568137371599, 186.44260035672698, 268.8600578882592, 390.64809345364114, 373.2593864368466, 193.1624056368242]
[806.2406084252704, 311.32730469920557, 837.6099676703259, 29.4485792913719, 634.2813285005016, 399.77731622717295]
[771.1919073756453, 444.4029277353174, 445.4914999687838, 476.2948979392099, 503.45849126278017, 416.78721182451295]
[781.0152010154084, 20.43030399420054, 263.8120318890649, 732.6562651011183, 660.0509102924108, 199.59196662353017, 447.2432136241799, 775.8985076527323, 84.44599524670448, 806.9033397361038]
[550.8295694375174, 12.272460385466587, 733.1586135507987, 699.6990976105118, 375.65195627308776, 45.680333035989065]
[781.2556889959972, 274.72315717411544, 383.02590869175657, 550.6007158166337, 530.7861378752981, 238.94661009707096, 123.39639065268904, 500.8447175905554]
[781.0152010154084, 20.43030399420054, 263.8120318890649, 732.6562651011183, 660.0509102924108, 199.59196662353017, 447.2432136241799, 775.8985076527323, 84.44599524670448, 806.9033397361038]
[200.08667081392483, 982.388101368956, 396.7232203247394, 265.5444432862283, 339.5937805859731, 362.305796556205]
[405.06081027820386, 520.6563047385235, 619.0455200970446, 564.2853848667969, 941.1076571598489, 527.335088855532]
[159.7538318386532, 780.4343225200969, 582.2669986051786, 224.66301120343658, 303.55919264882016, 217.76725588284995, 129.59439156018183, 242.47701454282523, 456.6882365140925, 413.54792912341145]
[853.4923882779326, 16.892290818836475, 518.3973671288946, 770.302002065551, 611.0660321388742, 808.474741438829, 829.150508406053, 803.0573010496541]
[460.2663281806684, 96.49916938357073, 601.9299415540971, 91.75511710768214, 316.3597999726819, 36.45581088728722, 800.6202080109609, 74.309260718056]
[510.8893321048989, 6.235832020958898, 717.4586185155638, 703.0460691005333, 761.1327606466721, 136.52859995854504]
[652.9307268262484, 140.14905373745336, 811.0405370316486, 157.21946605430915, 405.4265088759492, 35.414319377179424, 513.6487085622689, 491.80600754166784]
[716.2934412605082, 770.988691610971, 647.6625740728891, 229.00459250089477, 822.9091688970242, 660.1296179596233]
[269.8752695128357, 750.2444544117279, 479.92021860603506, 719.1752060651934, 5.094129143933035, 316.41796846822865, 584.823799274978, 776.3481317473171]
[471.49491009881797, 869.2834351947258, 296.4463349147938, 958.429182588838, 682.2217469939278, 915.3185210464111]
[595.4321869420114, 744.5847101175365, 162.33144297460666, 32.87207447035678, 378.3446580966452, 6.1959439821227535]
[355.75276315880166, 500.44802772722153, 124.84127171714543, 462.9655047798178, 999.8844306502373, 31.511716613245365]
[665.41463099665, 976.4912327447553, 271.9605807073715, 989.3635866275433, 466.6035064333498, 993.1672175111202]
[699.3290121730325, 745.7721822518063, 550.4138318015225, 650.0927077036595, 442.78050109799705, 594.4744555104936]
[103.56326430356, 344.27736992929306, 621.7962751533561, 326.05431500693203, 778.7096721050083, 135.98541166345868, 432.37741177437005, 299.4864969459051, 203.8723654645388, 220.15927822708338]
[253.31308877532598, 151.5541624906732, 437.8914511651669, 121.50646382109332, 294.6303004410752, 667.8450061064425, 646.6646812206025, 212.63988988030823]
[678.2244542702429, 950.6163261499868, 281.3978075335394, 362.0473196625612, 972.6935250479803, 855.1358938487092]
[652.9307268262484, 140.14905373745336, 811.0405370316486, 157.21946605430915, 405.4265088759492, 35.414319377179424, 513.6487085622689, 491.80600754166784]
[726.9451666591691, 226.59232768768922, 265.21703857981737, 226.45032975708267, 239.7299275014484, 895.3885536783358]
[494.9299671416253, 193.34365864444868, 423.6415416471603, 957.0299934728899, 158.9344640344621, 247.69337251946567]
[959.3116444390603, 640.4060692246928, 595.3089277334453, 283.88519461653874, 384.9317089930627, 362.75967148957875]
[498.6369508996954, 573.6082730896666, 578.9693996894216, 895.8823535828764, 212.74988671057494, 611.849639213467]
[946.9106409620567, 775.3880443493476, 588.7595614248387, 426.01735336368654, 844.2399727188036, 479.93790504904143]
[559.4585941165844, 812.3600490187041, 547.5262887967341, 596.8329892969427, 669.2881823254229, 565.8706112897878, 393.11327518353954, 472.6269507869372]
[690.8988426641001, 954.5945975145668, 482.6611367199404, 24.909271289036084, 319.1266686816693, 954.7483972465412, 479.676060684593, 264.77686333181185]
[643.4442001191505, 37.26870092958556, 865.0724417170286, 321.2577131484816, 329.03258289133265, 753.7565987364807, 316.4109536445916, 92.09835899457552, 448.4518152646574, 123.58157698881722, 616.4237412825485, 218.4760318095229]
[627.1444957877374, 64.0684790079602, 274.922999872639, 376.10290727899365, 495.0483262698878, 402.09978328252816, 670.2682843757196, 270.0315613849922, 775.0879643870824, 452.18015179239325, 237.2313784743868, 469.47775339479546]
[618.2339024903946, 905.6103199629259, 221.19828706476497, 884.1281110856551, 428.0950310714574, 846.7266383921411]
[415.67207209109233, 987.8759031528834, 600.2328014474338, 230.57683408832307, 642.8474751635946, 915.46899738584]
[528.0222441303622, 16.334415208950514, 328.06203071203157, 97.02690259622726, 448.91554397286603, 692.5885735165839]
[288.4610439766216, 764.6282438361, 228.95979494917728, 474.50285975469984, 408.75183065338393, 482.56715983747125]
[336.96626425153295, 543.9240602897771, 540.6305088949936, 630.1531774402117, 439.7754936597117, 945.2874843271655]
[295.48594506495874, 743.3001899145073, 625.6261894307795, 156.22027452679234, 713.2117102351892, 484.41661548112637, 439.6719257172411, 508.9796963902925]
[894.2564503726437, 955.5202127346076, 281.93578976589083, 347.4947675309533, 56.77477255664532, 981.0870781906518, 613.3210997774275, 876.1722197326394]
[589.3120596139779, 349.73675878058407, 596.593075766111, 37.501675769933016, 505.29195990083764, 317.03148875179653, 275.166587671879, 354.54000006120737, 379.10206112185875, 78.84297866549706]
[758.5806668959202, 231.4616746527094, 637.5025112907604, 107.887432411641, 315.5907050752659, 325.9276171407913, 313.47035674846677, 127.83760589804238]
[540.161936930652, 280.25507862517054, 593.0379361584274, 742.0296793126303, 785.8131119034147, 702.9156930285048]
[892.157685960006, 753.9223137900586, 593.7794570628366, 786.3345209354271, 469.5964763453925, 718.6852284072257]
[587.3434306292232, 471.2069908139815, 616.6662071828183, 644.2572060234294, 371.47244434939483, 685.8800609765373]
[329.4760778270415, 966.131597535283, 725.1645964012482, 869.2813784848805, 563.3211203574042, 694.4282300216369]
[235.05098053992046, 97.78329403530938, 583.4233143243088, 87.26440096916865, 849.3205978004165, 960.2160632735646, 435.5500518429328, 55.84164071262898]
[570.8548211845075, 865.5992779745169, 702.4706518412141, 714.2382963144811, 337.387219201987, 888.6251138213858]
[498.6369508996954, 573.6082730896666, 578.9693996894216, 895.8823535828764, 212.74988671057494, 611.849639213467]
[444.71888819643004, 984.1029170914088, 622.4621518706894, 252.50107451900084, 502.57938358398536, 458.26221714217087]
[360.6740261604636, 576.8987120411189, 332.2029068366149, 961.0151399668157, 620.3146476399138, 989.3390232204721]
[713.2143843576608, 23.268137753605146, 382.49916398636975, 960.2897058736431, 593.5887953656642, 1.9233536053838707]
[426.12218049548653, 654.8766951490672, 193.83417137100056, 727.3543686015723, 521.0749381646699, 733.9056766300367]
[450.43207607395317, 833.5813853311639, 245.16948559553975, 925.854499137755, 441.6242015681688, 342.223537559629, 238.73334548823354, 204.12767823375333, 744.2052940880236, 864.9088584881885]
[778.3061459119762, 566.2249617161967, 875.1477795494162, 978.3121458466202, 578.0736839309642, 239.55034321307323]
[115.54429360365748, 6.385522773580732, 485.4830012634538, 970.3774433884051, 441.12185921025724, 53.713116705992434]
[477.58382309264204, 110.92567143079091, 246.57468639243118, 856.141187332851, 300.3953073261617, 81.56779401720205]
[513.5721440050744, 959.1731064235706, 242.73677086937394, 912.2884860135498, 711.0015735454732, 889.537151017313, 137.88496952532748, 975.7091948610065]
[726.1381221193408, 191.63103102155367, 463.497471122426, 557.8667219079471, 769.1103672226161, 550.7781571011941]
[637.5789077803402, 712.0290009747514, 329.96565970608873, 466.91042770147175, 679.1771272908405, 464.92845090567545]
[311.46420301826186, 137.35003151330272, 408.954400243739, 178.01148611038175, 272.3070921922455, 679.8556914615104, 650.4563707999803, 208.55485127625627]
[638.8972298969683, 352.95473450028913, 720.40543812376, 986.7527018737118, 918.6163003015661, 972.8355363485601]
[709.7753214214392, 435.1327630539078, 515.0220276046637, 573.7156120844787, 625.2953104558906, 702.1785994623344]
[462.9954298719798, 460.5057408513412, 548.5310051348227, 329.1977483597708, 200.09920543254665, 925.7309226792793]
[636.0506041510216, 299.4673013732603, 670.2650345970253, 758.12402006157, 794.5648057020135, 835.5390279624252]
[177.3202046392923, 644.7538238915512, 214.63247650254513, 763.524979911812, 388.45449985319846, 691.0559397654914]
[898.4082043708776, 147.49763707891518, 361.5959308198723, 343.6390806155336, 325.62821788220884, 431.0008367077698, 581.9907610190724, 108.45781913739671]
[647.6093133057925, 908.2086200308506, 327.0505480123771, 887.9195318502037, 935.891923975901, 953.747361209274]
[652.6864078341525, 987.652690795859, 232.54888059685885, 19.01700258960648, 512.6248901695507, 988.9184994030043]
[771.0402974199155, 21.28317122507162, 541.6836223163142, 911.8922693654134, 449.2403626602669, 651.8341601171506]
[302.37879402681256, 185.35489281665562, 514.8817902637793, 269.78664637710847, 572.1551760774412, 214.4822762965467]
[716.2934412605082, 770.988691610971, 647.6625740728891, 229.00459250089477, 822.9091688970242, 660.1296179596233]
[809.4439050234191, 178.82537171931355, 712.6391774905665, 810.7416061133039, 559.0691615708513, 139.51904252607417]
[444.15511743943546, 875.171151489176, 840.1093701513569, 60.77692694643244, 413.81143789308516, 338.14334731678366, 125.90918431814669, 855.9528409859416]
[235.29878944698345, 973.9748589744423, 396.57977636906026, 290.19844782675483, 316.2439114781198, 412.8350519379667]
[644.7835860942165, 460.4061386934563, 909.7871258465509, 76.27438370960348, 357.6714090164697, 371.1021923790209]
[686.5512085240617, 18.164274363418386, 862.8491308358977, 3.0067543310172695, 452.5047736749692, 3.899364292663021]
[227.7268369424902, 399.5511466461879, 429.6231681323315, 556.8757378062969, 370.09792621838466, 409.74866388250774]
[758.5806668959202, 231.4616746527094, 637.5025112907604, 107.887432411641, 315.5907050752659, 325.9276171407913, 313.47035674846677, 127.83760589804238]
[560.2945429803336, 635.9433844628281, 250.81897370845573, 570.196599365967, 710.6233367593201, 547.416430944487]
[718.1813830422697, 517.1174005304251, 799.8085894811887, 643.0007460556411, 572.6857988362934, 673.1194856955505]
[469.9666693379129, 197.74138522015417, 743.9696491525208, 111.88703768187303, 824.2949908063151, 236.05119725011136]
[422.2812526174862, 42.92622147529745, 818.2280819445017, 441.7027223597821, 498.29426629748207, 426.1443798741591, 951.4254450948608, 936.6677896822828]
[740.445483828477, 149.7592154291697, 682.5793793133009, 257.70787048962274, 428.68972911163894, 782.5727430847027]
[311.9449260390764, 536.6571383956721, 514.6194882416845, 475.03878152919066, 147.65966465150248, 740.7529929832695]
[175.1149439676235, 712.5188586313693, 444.12315959798633, 300.4723234202243, 239.79401894541974, 243.41113439105644, 382.6312588387848, 121.61621696536717]
[629.5692991767269, 857.5286690126017, 262.0082055803347, 821.4156051371322, 569.0662707966118, 682.7004023598112, 478.1265328011656, 798.4216299443846]
[665.41463099665, 976.4912327447553, 271.9605807073715, 989.3635866275433, 466.6035064333498, 993.1672175111202]
[610.9109313551227, 253.1189442045696, 882.808447266879, 179.93030672813214, 622.3388243205817, 816.4044696180772]
[429.2348457855215, 919.8165502793162, 992.3067529956294, 886.2805705122959, 324.6915134277437, 876.4682037822765, 579.2991793126424, 899.6529633256187]
[962.524913747241, 50.5304058769962, 696.119662568151, 683.8037579979251, 680.9559099039064, 907.8929804875667, 456.7143573370275, 942.0049664694342]
[913.6391822720118, 262.66398840174855, 843.8494232796288, 865.5212098438253, 524.2949641037629, 232.5495261846978]
[463.46320752095585, 158.09497814325667, 891.9359072541972, 708.1743924139621, 213.9901505169507, 112.69936805166513, 584.7575197051448, 261.40241413771827]
[589.6137534558643, 626.473206229759, 343.34053822193675, 681.7792797809532, 988.8761485727554, 552.2568137371599]
[365.6996314681552, 263.79972134824783, 525.5928305222898, 376.5665374695598, 311.82546536091314, 400.9466690387512]
[428.6862670250029, 257.01238502834957, 742.2232050607571, 164.2233684055968, 448.53912745943705, 649.3694026102426]
[243.48189924284657, 716.2626856090955, 290.1300317711325, 467.39369158938496, 346.3740097083894, 650.8358927650205]
[853.4923882779326, 829.150508406053, 518.3973671288946, 16.892290818836475, 611.0660321388742, 770.302002065551]
[644.7835860942165, 460.4061386934563, 909.7871258465509, 76.27438370960348, 357.6714090164697, 371.1021923790209]
[327.6044951675323, 394.0390328330453, 159.99306417237025, 340.42691796965994, 778.7763048815855, 212.06911159618102]
[699.3290121730325, 745.7721822518063, 550.4138318015225, 650.0927077036595, 442.78050109799705, 594.4744555104936]
[601.7386629576015, 481.3068396867095, 728.600863668074, 718.5676566298736, 553.2589640429792, 663.7407609569357]
[917.3959769487511, 768.2982872547246, 87.73800429995782, 162.88936058946945, 799.7030585153701, 772.5485580901636, 831.4555430188278, 534.7820121014145, 279.9336149610512, 156.9298270522681, 445.90649994671475, 473.2153623198493]
[431.8404440513902, 682.5403613884166, 618.4752560623285, 345.3797814541332, 740.8423419085386, 723.4798571699815, 201.67680976420044, 518.3034097516057]
[497.70902251821224, 690.3766786539447, 790.5961963821737, 54.53921961005226, 363.0507616077323, 804.969290892765]
[748.4237509820334, 963.1504678251374, 407.7229601298895, 280.96204842190565, 520.561939393466, 321.92544087364547]
[570.350019665419, 178.74497195346805, 909.4644725393333, 426.43619171795467, 765.6385392388834, 246.30753017080687]
[699.5215631425526, 648.0884452161188, 621.4811686063539, 71.42540978913581, 606.8585588020417, 311.14783755396934]
[311.9449260390764, 536.6571383956721, 514.6194882416845, 475.03878152919066, 147.65966465150248, 740.7529929832695]
[159.7538318386532, 780.4343225200969, 582.2669986051786, 224.66301120343658, 303.55919264882016, 217.76725588284995, 129.59439156018183, 242.47701454282523, 456.6882365140925, 413.54792912341145]
[681.7792797809532, 222.9280989962561, 552.2568137371599, 186.44260035672698, 268.8600578882592, 390.64809345364114, 373.2593864368466, 193.1624056368242]
[909.9818542624822, 140.54128736927396, 552.3306569491492, 81.5428527154518, 296.7793298058369, 185.59193184004653]
[629.3871205191115, 992.6604854228433, 630.2618558975108, 269.74598201187507, 506.07066893530094, 223.69352183078473]
[288.4610439766216, 764.6282438361, 228.95979494917728, 474.50285975469984, 408.75183065338393, 482.56715983747125]
[922.3762423317589, 538.9080893903188, 495.20092455542306, 539.7352074072077, 733.5114773785779, 467.7037398616284]
[599.6756103114157, 975.7354018449317, 785.5111656025905, 996.0093468585824, 239.3428414583676, 168.1416248183486]
[307.2472448830594, 927.6326034136852, 646.8947918487775, 141.20723602125207, 525.572271617189, 927.4808062839181]
[681.7792797809532, 222.9280989962561, 552.2568137371599, 186.44260035672698, 268.8600578882592, 390.64809345364114, 373.2593864368466, 193.1624056368242]
[582.5478039479796, 6.592251100776658, 721.2560261922522, 202.02068400851857, 334.22681598374857, 72.42706834205059]
[524.4709188634574, 7.754137358408686, 622.877572499618, 666.0079719650004, 820.6513731937708, 620.5331343099681]
[681.7792797809532, 222.9280989962561, 552.2568137371599, 186.44260035672698, 268.8600578882592, 390.64809345364114, 373.2593864368466, 193.1624056368242]
[817.1203576968089, 331.3714143987905, 398.6184063015209, 768.1009847074407, 208.13970967202667, 13.161067955436923]
[871.5973192891219, 511.1411196704737, 455.40921775093403, 483.3560829593189, 700.2161386907529, 518.0600354165671]
[685.7686412296212, 688.3552583832376, 666.107755803147, 181.30481773522078, 831.0653749174517, 566.2457960900219]
[744.9702564789026, 110.47831004500719, 720.2494892594224, 688.1980772617967, 448.4829269230155, 366.00827581157625, 883.2214781428315, 622.5427009906725]
[245.85652688433223, 774.4828726847085, 19.53996494346566, 472.9746026430757, 705.9888136027988, 801.4673646377312]
[675.3372422290037, 894.3351755163382, 534.2725196705202, 462.2837468420478, 875.5922646709066, 835.39641103448]
[51.2695540114686, 618.6158266497816, 610.2254533542356, 294.0432182663114, 335.13572583874685, 310.67226640869916]
[709.7753214214392, 435.1327630539078, 515.0220276046637, 573.7156120844787, 625.2953104558906, 702.1785994623344]
[329.4760778270415, 966.131597535283, 725.1645964012482, 869.2813784848805, 563.3211203574042, 694.4282300216369]
[581.4230698475079, 75.76652480183654, 60.1811342533477, 53.63816074765082, 723.8703138284598, 17.906862339785445]
[396.17637821047083, 823.472889488983, 146.0474551313582, 802.2144374775885, 424.38447064634767, 992.9336017728872, 330.24328913848467, 894.3098182178103]
[403.3490040265333, 499.8085838640873, 685.7934459052591, 765.5009675945673, 803.5994662761327, 917.2127373684162]
[253.31308877532598, 151.5541624906732, 437.8914511651669, 121.50646382109332, 294.6303004410752, 667.8450061064425, 646.6646812206025, 212.63988988030823]
[349.94696375793256, 882.1034765824385, 657.4411711377351, 846.2804408130835, 368.28775097914047, 804.8093184495078]
[699.3290121730325, 745.7721822518063, 550.4138318015225, 650.0927077036595, 442.78050109799705, 594.4744555104936]
[378.3618730651168, 408.2215555908807, 188.25651575647163, 419.55213762989365, 534.9946897631652, 306.4761069314409]
[296.0284240063351, 15.882429739375148, 822.5310279935389, 2.6535634346991355, 437.6299293070294, 837.9062561329821]
[528.0222441303622, 16.334415208950514, 328.06203071203157, 97.02690259622726, 448.91554397286603, 692.5885735165839]
[357.96510515129677, 465.05768710170594, 660.7595727474279, 210.78193903364107, 685.1177148703264, 626.9285931272088]
[550.9717353325219, 343.24521235940955, 419.01808133611405, 44.5014893810941, 551.9942914732127, 46.98094899415073]
[175.3979213267024, 532.0929510572377, 720.169343858615, 297.19397172031404, 367.8759002314425, 374.291505069485]
[686.5512085240617, 18.164274363418386, 862.8491308358977, 3.0067543310172695, 452.5047736749692, 3.899364292663021]
[772.2758752263715, 242.9220179111291, 503.74261365884365, 241.7470998796005, 396.79650615623706, 41.55148462698133, 308.8639457460448, 342.02532138311926]
[322.0643359028754, 78.41594247745343, 282.3663835842071, 928.8214687858539, 504.52160171756134, 280.79740153768296, 129.77885332208794, 11.740492115259404]
[685.8156398005915, 666.214610473511, 448.5884313198542, 730.1376195441579, 362.816503852642, 644.4890562404509]
[748.4237509820334, 963.1504678251374, 407.7229601298895, 280.96204842190565, 520.561939393466, 321.92544087364547]
[386.2126023726585, 51.233468643197, 631.0721641068949, 135.888923910372, 513.8274030351738, 337.78875287066546]
[634.1177864864127, 561.4718075115011, 537.3842100749357, 679.8837019049665, 332.17243539144425, 707.1712257462352]
[295.48594506495874, 743.3001899145073, 625.6261894307795, 156.22027452679234, 713.2117102351892, 484.41661548112637, 439.6719257172411, 508.9796963902925]
[311.9449260390764, 536.6571383956721, 514.6194882416845, 475.03878152919066, 147.65966465150248, 740.7529929832695]
[806.2406084252704, 311.32730469920557, 837.6099676703259, 29.4485792913719, 634.2813285005016, 399.77731622717295]
[846.963572416652, 503.5758635255864, 537.5540386284766, 35.89414072363806, 406.89023397513523, 102.68752851579865]
[305.3751085212092, 103.39460905473852, 500.8828532620634, 150.16588602658243, 660.7239065113232, 210.19483100036462]
[288.4610439766216, 764.6282438361, 228.95979494917728, 474.50285975469984, 408.75183065338393, 482.56715983747125]
[78.4295987550876, 747.5226670604649, 348.042100621198, 671.2012534721508, 556.3270516084756, 680.5961398259815, 162.5581374037447, 686.104387851635]
[613.4283801013589, 976.8732349783519, 615.5918693948393, 391.8870480274962, 79.77998832095335, 469.42007309334764, 251.13807998222026, 413.9230313836493]
[253.31308877532598, 151.5541624906732, 437.8914511651669, 121.50646382109332, 294.6303004410752, 667.8450061064425, 646.6646812206025, 212.63988988030823]
[712.4014254184555, 992.1461145004557, 804.6671874116045, 143.00534583968027, 695.9690628396652, 569.8622743667868, 458.63532717571496, 907.9262349382234]
[107.97759947122631, 24.1756522205685, 361.7781051899246, 27.598436041456065, 333.26951329698016, 373.39765022038705]
[759.0307661856375, 274.1313772977508, 413.32672867965925, 552.8878903198761, 339.58833728490765, 244.97594623045683, 460.7085795735728, 119.84945566471072]
[177.3202046392923, 644.7538238915512, 214.63247650254513, 763.524979911812, 388.45449985319846, 691.0559397654914]
[460.2663281806684, 96.49916938357073, 601.9299415540971, 91.75511710768214, 316.3597999726819, 36.45581088728722, 800.6202080109609, 74.309260718056]
[729.0167699214546, 775.4466561343955, 431.5895534744067, 49.3233094408434, 626.4833387877019, 797.4942953828394]
[330.04349587106464, 799.6817148874502, 252.66056961535986, 488.73187510464254, 472.9880342795024, 463.9580867426088]
[168.1703024866532, 819.371996332623, 208.13654153734583, 797.8339741579889, 578.1533120562308, 765.2204544751262]
[567.8973530649146, 968.367642129735, 688.5107741542829, 359.14841993398386, 320.9757444567548, 310.41055501987427]
[505.76668843446015, 890.1632958371156, 306.73603163435916, 545.4812616612884, 598.7188335149049, 969.1650133157545]
[726.1381221193408, 191.63103102155367, 463.497471122426, 557.8667219079471, 769.1103672226161, 550.7781571011941]
[328.10414611138617, 51.18165461941704, 109.25089242309916, 76.19308794458735, 185.95726768450893, 596.1394634740763]
[573.7082595020618, 633.6185017341683, 154.67812864218288, 393.11265736187585, 349.5957255873359, 421.87461466963606]
[946.9106409620567, 775.3880443493476, 588.7595614248387, 426.01735336368654, 844.2399727188036, 479.93790504904143]
[647.7765606766001, 910.6244500572892, 295.5324781348826, 987.9372213230546, 395.6908400302146, 937.4970600336617]
[681.7792797809532, 222.9280989962561, 552.2568137371599, 186.44260035672698, 268.8600578882592, 390.64809345364114, 373.2593864368466, 193.1624056368242]
[286.87794002744494, 644.9115910606589, 438.9511178248309, 610.6121889625618, 558.7214605139523, 918.8881846176009]
[258.75588620758185, 642.0830074151205, 486.1726397854802, 613.6965960660244, 523.9637640891574, 640.2841837622751]
[393.8643945903743, 24.822547362262746, 938.3217571168608, 231.3617327125117, 890.5674957031231, 50.301774651622225, 645.3828322978109, 63.830580703051254]
[288.4610439766216, 764.6282438361, 228.95979494917728, 474.50285975469984, 408.75183065338393, 482.56715983747125]
[612.8279192520007, 914.334417741018, 977.3973414107769, 851.3194017899201, 151.87922348834692, 967.8209138140423, 420.29215905550177, 939.5632096333059]
[316.8297671371483, 255.71797779169702, 950.3476268044723, 229.65566426334482, 558.3640103260568, 53.85722385442682, 180.47640151636247, 29.88722558581769]
[592.5990722586174, 921.6702952681505, 311.3351140359831, 867.4243220382922, 476.9152033799157, 669.6011757888659, 657.9460630146395, 671.7807043089786, 804.4271757352356, 327.7657505097665, 623.9840745613765, 999.9005987093002]
[743.0242771047803, 999.9966890649681, 508.3362900519838, 975.0288926109343, 865.3650384053163, 53.3163795734517]
[587.410332996832, 731.5306862760439, 654.6302421711083, 581.0445191399614, 325.9875446254906, 755.9606156821393]
[716.2934412605082, 770.988691610971, 647.6625740728891, 229.00459250089477, 822.9091688970242, 660.1296179596233]
[636.0506041510216, 299.4673013732603, 670.2650345970253, 758.12402006157, 794.5648057020135, 835.5390279624252]
[770.9236547818016, 521.1519849489767, 633.6600600416101, 423.71703887520795, 461.08025846934765, 385.4170979846078]
[757.6164357143386, 912.7679839443441, 533.8521345126862, 261.6744737305432, 726.1549131241712, 193.08549867620417]
[308.92664117377313, 4.089840874439199, 488.6157239572779, 856.4322476428406, 286.9269442238527, 990.5435109772525]
[407.33772206494325, 987.5939140152136, 518.7330605768827, 704.8854873030948, 569.3023902527336, 965.3079312396062, 345.4813317136427, 604.1115557460284]
[159.7538318386532, 780.4343225200969, 582.2669986051786, 224.66301120343658, 303.55919264882016, 217.76725588284995, 129.59439156018183, 242.47701454282523, 456.6882365140925, 413.54792912341145]
[33.51588217571311, 227.88119045377508, 389.3568045629616, 905.1706213128793, 276.95962033573295, 316.2212937658535, 576.9309479625986, 81.63739461872387, 4.646327776050896, 327.1031645175695]
[414.9512815207062, 497.4396188486962, 436.6940873420967, 705.0068598358532, 89.84360142525327, 706.9310867598007, 570.8458685968197, 450.02072680264837, 344.76803802836065, 655.0133218757874]
[681.7792797809532, 222.9280989962561, 552.2568137371599, 186.44260035672698, 268.8600578882592, 390.64809345364114, 373.2593864368466, 193.1624056368242]
[769.8155322505512, 997.4150198652983, 401.91517600137905, 485.3401171092562, 894.5727983678279, 109.16650731953648]
[726.1381221193408, 191.63103102155367, 463.497471122426, 557.8667219079471, 769.1103672226161, 550.7781571011941]
[467.9437800818248, 483.9438404665897, 580.2956219811261, 126.10098017444726, 170.1940052786668, 498.974323761724, 533.9359853910223, 7.996400311267582]
[713.1602198876622, 462.65453642728636, 530.0966104534151, 460.48361427146443, 792.9009645454835, 576.8385703448407, 373.453660056034, 525.1878248644844, 330.3959969652501, 472.58515388045595, 588.0467008457958, 715.932518171173]
[708.7549263307583, 758.7513435220066, 11.553558701351886, 415.085624551931, 167.1329953876357, 772.3612264535324]
[311.9449260390764, 536.6571383956721, 514.6194882416845, 475.03878152919066, 147.65966465150248, 740.7529929832695]
[352.7709283838417, 113.54799577024322, 568.4163273973401, 182.476096443162, 974.4929637836789, 198.1255629684763]
[329.4760778270415, 966.131597535283, 725.1645964012482, 869.2813784848805, 563.3211203574042, 694.4282300216369]
[189.5538059894315, 1.8320695243978502, 587.266203459703, 31.57890209653924, 486.7364128967212, 847.8512983448936]
[280.6674504487009, 71.13892147376345, 393.9974671328097, 74.69477232723688, 381.20401526261185, 668.7439088385826, 644.6711315254213, 100.13580122240717]
[144.41517489142785, 521.1953126223825, 373.5410127507752, 686.9562869264192, 672.4696837207357, 657.5639994459923]
[556.6761393833311, 552.8514707947883, 371.53246848902086, 422.1963996841148, 626.5305884133304, 983.4372391687095]
[290.99933828737943, 738.3822042495797, 154.61607239160602, 317.625830263494, 763.9796730142618, 732.9523293126053]
[599.0456798682043, 748.2357824002573, 311.17489512250427, 571.3568822346667, 776.749978890284, 563.7900622041266]
[612.1045768523675, 821.2947301801305, 439.86843235207573, 557.3997505974411, 214.4333739296227, 524.1693406472065, 465.39019727600026, 0.7256677100123676, 572.2077275917705, 587.3240968021995, 69.69543851198235, 485.1569785982006]
[699.1029544819264, 982.5262951593729, 511.07552885428663, 830.2186145927509, 347.5917482173311, 939.2645820822195]
[472.2254914781258, 362.3336109372296, 791.8849606284085, 344.2088937446944, 115.24967823613707, 449.5187499157565, 681.3038982638755, 26.94226048750703]
[345.36479635158315, 819.8952827480623, 833.7877825428161, 15.456778534242876, 414.38333680338104, 23.98095544371104]
[721.4511917321669, 76.8890217231496, 363.93243726614986, 5.741655355664288, 553.0281611817106, 32.57418346832708]
[453.19585070613766, 7.193913089331372, 324.9333106804673, 9.313660287285419, 604.2319956249708, 35.59326634504145]
[208.62485503264816, 881.9424316028641, 475.71052685921757, 903.1201309150613, 637.4356909920166, 970.8808651477093]
[538.0730590888578, 251.10764253577779, 284.63622065351603, 265.35670401699883, 432.5684777683937, 700.2459171576161, 600.3345600103551, 7.613172154168013]
[647.1280716335128, 741.8267078053423, 540.5543428005576, 593.2912228237071, 454.62833999356866, 758.9511882295917, 135.6890394480983, 715.2877441247686]
[486.53428463402724, 989.9169899703927, 737.8469735480297, 972.8687276408297, 828.4361629400854, 972.118678904698]
[520.3502853799705, 600.671698875176, 425.9179165082685, 425.94300908975845, 520.0404358935007, 996.7720187537043]
[555.1641288524493, 33.45371963682142, 635.2348929687438, 734.0729201677633, 756.0001507954516, 124.95410259095097]
[516.3655455544914, 998.4664518581403, 260.0677336191768, 824.5519641522441, 714.7554121752273, 957.9699686263435]
[555.1641288524493, 33.45371963682142, 635.2348929687438, 734.0729201677633, 756.0001507954516, 124.95410259095097]
[907.9084700823854, 807.7008701255127, 462.7331715690245, 9.92109434610622, 630.6218268617951, 759.6800528955606]
[418.04995307630645, 31.298593775720306, 362.7905087304529, 984.0673254732349, 649.1599268432761, 7.395432026035875]
[193.54240441074467, 595.2622663940634, 356.0842849373733, 730.7950726307755, 608.0677817223649, 283.7210356009742]
[610.9109313551227, 253.1189442045696, 882.808447266879, 179.93030672813214, 622.3388243205817, 816.4044696180772]
[297.19397172031404, 105.82950415067293, 374.291505069485, 398.5826514819065, 728.1001341046593, 521.9639454250469, 398.507844955851, 106.01250249174888]
[636.0506041510216, 299.4673013732603, 670.2650345970253, 758.12402006157, 794.5648057020135, 835.5390279624252]
[652.9307268262484, 140.14905373745336, 811.0405370316486, 157.21946605430915, 405.4265088759492, 35.414319377179424, 513.6487085622689, 491.80600754166784]
